<Qucs Dataset 0.0.19>
<indep y 1>
  +1.00000000000000000000e+00
</indep>
<indep frequency 200>
  +4.00000000000000000000e+09
  +4.01507537688442230225e+09
  +4.03015075376884412766e+09
  +4.04522613065326642990e+09
  +4.06030150753768825531e+09
  +4.07537688442211055756e+09
  +4.09045226130653285980e+09
  +4.10552763819095468521e+09
  +4.12060301507537698746e+09
  +4.13567839195979881287e+09
  +4.15075376884422111511e+09
  +4.16582914572864341736e+09
  +4.18090452261306524277e+09
  +4.19597989949748754501e+09
  +4.21105527638190937042e+09
  +4.22613065326633167267e+09
  +4.24120603015075397491e+09
  +4.25628140703517580032e+09
  +4.27135678391959810257e+09
  +4.28643216080401992798e+09
  +4.30150753768844223022e+09
  +4.31658291457286453247e+09
  +4.33165829145728683472e+09
  +4.34673366834170818329e+09
  +4.36180904522613048553e+09
  +4.37688442211055278778e+09
  +4.39195979899497509003e+09
  +4.40703517587939739227e+09
  +4.42211055276381874084e+09
  +4.43718592964824104309e+09
  +4.45226130653266334534e+09
  +4.46733668341708564758e+09
  +4.48241206030150794983e+09
  +4.49748743718592929840e+09
  +4.51256281407035160065e+09
  +4.52763819095477390289e+09
  +4.54271356783919620514e+09
  +4.55778894472361755371e+09
  +4.57286432160803985596e+09
  +4.58793969849246215820e+09
  +4.60301507537688446045e+09
  +4.61809045226130676270e+09
  +4.63316582914572906494e+09
  +4.64824120603015041351e+09
  +4.66331658291457271576e+09
  +4.67839195979899501801e+09
  +4.69346733668341732025e+09
  +4.70854271356783866882e+09
  +4.72361809045226097107e+09
  +4.73869346733668327332e+09
  +4.75376884422110557556e+09
  +4.76884422110552787781e+09
  +4.78391959798995018005e+09
  +4.79899497487437152863e+09
  +4.81407035175879383087e+09
  +4.82914572864321613312e+09
  +4.84422110552763843536e+09
  +4.85929648241205978394e+09
  +4.87437185929648208618e+09
  +4.88944723618090438843e+09
  +4.90452261306532669067e+09
  +4.91959798994974899292e+09
  +4.93467336683417129517e+09
  +4.94974874371859264374e+09
  +4.96482412060301494598e+09
  +4.97989949748743724823e+09
  +4.99497487437185955048e+09
  +5.01005025125628089905e+09
  +5.02512562814070320129e+09
  +5.04020100502512550354e+09
  +5.05527638190954780579e+09
  +5.07035175879397010803e+09
  +5.08542713567839241028e+09
  +5.10050251256281375885e+09
  +5.11557788944723606110e+09
  +5.13065326633165836334e+09
  +5.14572864321608066559e+09
  +5.16080402010050201416e+09
  +5.17587939698492431641e+09
  +5.19095477386934661865e+09
  +5.20603015075376892090e+09
  +5.22110552763819122314e+09
  +5.23618090452261352539e+09
  +5.25125628140703487396e+09
  +5.26633165829145717621e+09
  +5.28140703517587947845e+09
  +5.29648241206030178070e+09
  +5.31155778894472312927e+09
  +5.32663316582914543152e+09
  +5.34170854271356773376e+09
  +5.35678391959799003601e+09
  +5.37185929648241233826e+09
  +5.38693467336683464050e+09
  +5.40201005025125598907e+09
  +5.41708542713567829132e+09
  +5.43216080402010059357e+09
  +5.44723618090452289581e+09
  +5.46231155778894424438e+09
  +5.47738693467336654663e+09
  +5.49246231155778884888e+09
  +5.50753768844221115112e+09
  +5.52261306532663345337e+09
  +5.53768844221105575562e+09
  +5.55276381909547710419e+09
  +5.56783919597989940643e+09
  +5.58291457286432170868e+09
  +5.59798994974874401093e+09
  +5.61306532663316535950e+09
  +5.62814070351758766174e+09
  +5.64321608040200996399e+09
  +5.65829145728643226624e+09
  +5.67336683417085456848e+09
  +5.68844221105527687073e+09
  +5.70351758793969821930e+09
  +5.71859296482412052155e+09
  +5.73366834170854282379e+09
  +5.74874371859296512604e+09
  +5.76381909547738647461e+09
  +5.77889447236180877686e+09
  +5.79396984924623107910e+09
  +5.80904522613065338135e+09
  +5.82412060301507568359e+09
  +5.83919597989949798584e+09
  +5.85427135678391933441e+09
  +5.86934673366834163666e+09
  +5.88442211055276393890e+09
  +5.89949748743718624115e+09
  +5.91457286432160758972e+09
  +5.92964824120602989197e+09
  +5.94472361809045219421e+09
  +5.95979899497487449646e+09
  +5.97487437185929679871e+09
  +5.98994974874371910095e+09
  +6.00502512562814044952e+09
  +6.02010050251256275177e+09
  +6.03517587939698505402e+09
  +6.05025125628140735626e+09
  +6.06532663316582870483e+09
  +6.08040201005025100708e+09
  +6.09547738693467330933e+09
  +6.11055276381909561157e+09
  +6.12562814070351791382e+09
  +6.14070351758794021606e+09
  +6.15577889447236156464e+09
  +6.17085427135678386688e+09
  +6.18592964824120616913e+09
  +6.20100502512562751770e+09
  +6.21608040201004981995e+09
  +6.23115577889447212219e+09
  +6.24623115577889442444e+09
  +6.26130653266331672668e+09
  +6.27638190954773902893e+09
  +6.29145728643216133118e+09
  +6.30653266331658267975e+09
  +6.32160804020100498199e+09
  +6.33668341708542728424e+09
  +6.35175879396984863281e+09
  +6.36683417085427093506e+09
  +6.38190954773869323730e+09
  +6.39698492462311553955e+09
  +6.41206030150753784180e+09
  +6.42713567839196014404e+09
  +6.44221105527638244629e+09
  +6.45728643216080379486e+09
  +6.47236180904522609711e+09
  +6.48743718592964839935e+09
  +6.50251256281406974792e+09
  +6.51758793969849205017e+09
  +6.53266331658291435242e+09
  +6.54773869346733665466e+09
  +6.56281407035175895691e+09
  +6.57788944723618125916e+09
  +6.59296482412060356140e+09
  +6.60804020100502490997e+09
  +6.62311557788944721222e+09
  +6.63819095477386951447e+09
  +6.65326633165829086304e+09
  +6.66834170854271316528e+09
  +6.68341708542713546753e+09
  +6.69849246231155776978e+09
  +6.71356783919598007202e+09
  +6.72864321608040237427e+09
  +6.74371859296482467651e+09
  +6.75879396984924602509e+09
  +6.77386934673366832733e+09
  +6.78894472361809062958e+09
  +6.80402010050251197815e+09
  +6.81909547738693428040e+09
  +6.83417085427135658264e+09
  +6.84924623115577888489e+09
  +6.86432160804020118713e+09
  +6.87939698492462348938e+09
  +6.89447236180904579163e+09
  +6.90954773869346714020e+09
  +6.92462311557788944244e+09
  +6.93969849246231174469e+09
  +6.95477386934673309326e+09
  +6.96984924623115539551e+09
  +6.98492462311557769775e+09
  +7.00000000000000000000e+09
</indep>
<dep S11_dB frequency>
  -3.10118014073757706228e+01
  -3.07867433428879593293e+01
  -3.04779681397828916545e+01
  -2.99871389269577051095e+01
  -2.94300849259049144280e+01
  -2.89747616486237262734e+01
  -2.87463621777998312723e+01
  -2.86960198681976699220e+01
  -2.86893453216138567541e+01
  -2.86021719681441730643e+01
  -2.84151264809801418210e+01
  -2.82653496219903601627e+01
  -2.82892526986677417256e+01
  -2.84443937628114653648e+01
  -2.86779167707951074817e+01
  -2.88916178895169686314e+01
  -2.89782268695466882491e+01
  -2.90526015837110662687e+01
  -2.92596114825646580471e+01
  -2.96116772053210439708e+01
  -3.01453919795496751988e+01
  -3.07061287128607354191e+01
  -3.10882878094507653088e+01
  -3.13022543916947135756e+01
  -3.15195869747760610835e+01
  -3.19026665499778587787e+01
  -3.24920078928365612114e+01
  -3.32127398675958502849e+01
  -3.38444395939371602822e+01
  -3.42058492915654568378e+01
  -3.43863695738366743626e+01
  -3.44535811926344663902e+01
  -3.45034910647872123945e+01
  -3.45903893488998974703e+01
  -3.45484896101181249151e+01
  -3.42076682828393501268e+01
  -3.36389974570351952821e+01
  -3.27713915404193940617e+01
  -3.18073927193622161269e+01
  -3.09592976175310283793e+01
  -3.02731947479222860409e+01
  -2.97364469726588467324e+01
  -2.91274761790262317618e+01
  -2.83392983099170514549e+01
  -2.74114748631384017585e+01
  -2.65396965260057804414e+01
  -2.58093762299000317739e+01
  -2.52712149979467000094e+01
  -2.48736062125868642170e+01
  -2.44808381754486745763e+01
  -2.40034727759407253700e+01
  -2.33657268212455839773e+01
  -2.27418456156885326891e+01
  -2.21895840234864785145e+01
  -2.18058664424729187203e+01
  -2.15453556732906328364e+01
  -2.13866962830074989199e+01
  -2.11268124148607974178e+01
  -2.08140353907525081922e+01
  -2.04928576638062587278e+01
  -2.01902325804025686296e+01
  -1.99558676649213708743e+01
  -1.98294873991549849279e+01
  -1.97432907092444800412e+01
  -1.97241978316681638717e+01
  -1.97077549924903188128e+01
  -1.96263849134956451792e+01
  -1.95509133802251717782e+01
  -1.94754513196427510024e+01
  -1.94128065488151868578e+01
  -1.94890224817460158135e+01
  -1.96996156341491577280e+01
  -1.99452542647541157805e+01
  -2.02021924087346391730e+01
  -2.03537077680330824592e+01
  -2.03456293526112688141e+01
  -2.03645542120840943312e+01
  -2.04888727481666776953e+01
  -2.07575082865588100844e+01
  -2.11804813792654265114e+01
  -2.16178028389486627248e+01
  -2.19331951124281516741e+01
  -2.21482834603000142693e+01
  -2.23829190766794496881e+01
  -2.27690705890833733349e+01
  -2.32331270812664492098e+01
  -2.37525630465650365863e+01
  -2.42661036257877107403e+01
  -2.46241603789185390383e+01
  -2.49431468536703349059e+01
  -2.53971783080792299359e+01
  -2.58862529011500264176e+01
  -2.65630984036389392600e+01
  -2.72924957241331043178e+01
  -2.79818793110421495385e+01
  -2.86044703253101850748e+01
  -2.92185434794592779895e+01
  -2.98020917077858058519e+01
  -3.04151099311629451449e+01
  -3.10161608922433806868e+01
  -3.14237340965748401800e+01
  -3.18370164928426362394e+01
  -3.22476015532718847112e+01
  -3.26666994635301861649e+01
  -3.30065273854375504925e+01
  -3.30857083049932541030e+01
  -3.28748427714108260034e+01
  -3.24858662065603525093e+01
  -3.19578468802952251338e+01
  -3.13907455200524090344e+01
  -3.08601495394079421430e+01
  -3.04397462011402879511e+01
  -3.00430834241856246081e+01
  -2.95290273567967815893e+01
  -2.89692907127099665843e+01
  -2.83927318827484107544e+01
  -2.78000228717537076761e+01
  -2.72771065042980929150e+01
  -2.67621718529090877325e+01
  -2.62076531729918542624e+01
  -2.58239406044076176272e+01
  -2.55706898635779396045e+01
  -2.54122834902699246129e+01
  -2.53906190271877534315e+01
  -2.53453466712838348940e+01
  -2.52138695880258723037e+01
  -2.50675153872900793317e+01
  -2.49409686095833507125e+01
  -2.48165853355410170877e+01
  -2.48569939910645842929e+01
  -2.49262875861113215592e+01
  -2.50478812686563117040e+01
  -2.51741822112340827289e+01
  -2.52794189646585536480e+01
  -2.53759532813242358884e+01
  -2.54278781799386308649e+01
  -2.53797847374023177736e+01
  -2.51892095800197068911e+01
  -2.48403177545996776132e+01
  -2.43451528482104073703e+01
  -2.37358210948370960125e+01
  -2.30154576191291511122e+01
  -2.21887685099781784004e+01
  -2.12723524757390549667e+01
  -2.02354269888752149598e+01
  -1.91712776971965901396e+01
  -1.81503081539131869704e+01
  -1.72246457544257154382e+01
  -1.63900457567757200650e+01
  -1.56033303103501062026e+01
  -1.47788436729092342858e+01
  -1.39529037950609726693e+01
  -1.31390753783601521576e+01
  -1.24200114427299261877e+01
  -1.18204439018203935063e+01
  -1.12698405513225363705e+01
  -1.07261551322123338537e+01
  -1.01878315538676460505e+01
  -9.65639983051211991949e+00
  -9.15727340006646528536e+00
  -8.71962003618754089018e+00
  -8.34529419596681876214e+00
  -8.01309083810509115153e+00
  -7.69338735328636680322e+00
  -7.36641271949067011349e+00
  -7.05386971041370625102e+00
  -6.77294993524724464606e+00
  -6.53698112831533961753e+00
  -6.33693135331275225752e+00
  -6.14982645113351722443e+00
  -5.96369037683572056352e+00
  -5.77737492239425609597e+00
  -5.60578365534558820116e+00
  -5.48033587197690330584e+00
  -5.38437530549445764194e+00
  -5.30889808033026344702e+00
  -5.23778559684319500178e+00
  -5.15893924892222077716e+00
  -5.07807210668625774730e+00
  -5.01108989733124943200e+00
  -4.96311815650990695303e+00
  -4.93756030158797631913e+00
  -4.94225296380919143502e+00
  -4.96204221927020050487e+00
  -4.97387821422909759406e+00
  -4.99207405626256051079e+00
  -5.01005774467717479581e+00
  -5.04713997918685652877e+00
  -5.10552193993063241351e+00
  -5.18702442007192043860e+00
  -5.29396470876084990209e+00
  -5.41763403471916760168e+00
  -5.54477876631518640238e+00
  -5.68807173916168373751e+00
  -5.85000735881380773407e+00
  -6.03885063334854255146e+00
  -6.24675428671333676789e+00
  -6.46524812193498554791e+00
  -6.70188211045765669382e+00
  -6.96867788092751272444e+00
</dep>
<dep S22_dB frequency>
  -3.13566360869235118969e+01
  -3.10553217356645490099e+01
  -3.06911727863536683003e+01
  -3.01599640629721790219e+01
  -2.95257255717340356682e+01
  -2.89720303842611315304e+01
  -2.86308005079236309598e+01
  -2.84930514530092935388e+01
  -2.84499239454331700472e+01
  -2.83582986609888543228e+01
  -2.81733673307361875970e+01
  -2.80097360407546638328e+01
  -2.79716580739906959252e+01
  -2.80692670980159917349e+01
  -2.82940389968537608922e+01
  -2.85282297891957696834e+01
  -2.86706786603710774841e+01
  -2.87985679707660295890e+01
  -2.90110665446861588634e+01
  -2.93823453323939531856e+01
  -2.99713372404016951123e+01
  -3.06354821917542494703e+01
  -3.11813059064243276453e+01
  -3.15806702758468382797e+01
  -3.19517757468190168879e+01
  -3.24599071457920302919e+01
  -3.31692595912826462268e+01
  -3.40061157337913826382e+01
  -3.47539836579223120339e+01
  -3.51798573701915131551e+01
  -3.52756336819076210531e+01
  -3.50315593095803166079e+01
  -3.45872277424329936935e+01
  -3.40968503283151207484e+01
  -3.35628285570356013068e+01
  -3.29077522549021637133e+01
  -3.21759595183172919519e+01
  -3.11997761839082983215e+01
  -3.01667433388424477414e+01
  -2.92873789980026053570e+01
  -2.85960630145019223392e+01
  -2.81144531609692727159e+01
  -2.76253369195448925666e+01
  -2.69968826805138242264e+01
  -2.62382509628118754108e+01
  -2.55040833688580050875e+01
  -2.48849055856813272669e+01
  -2.44487347239252343911e+01
  -2.41484020042754501389e+01
  -2.38608698669215115729e+01
  -2.34938917031144036685e+01
  -2.29656342735311547187e+01
  -2.24365104437877072030e+01
  -2.19687122660397484708e+01
  -2.16600092124808440985e+01
  -2.14701547896098396961e+01
  -2.13774625838162322111e+01
  -2.11797181980541893154e+01
  -2.09225672620474902885e+01
  -2.06511131282577835577e+01
  -2.03932137862590110444e+01
  -2.01990110943083358563e+01
  -2.01074262398291558895e+01
  -2.00517420136026593980e+01
  -2.00610470036998975729e+01
  -2.00710151498574589368e+01
  -2.00147374993346325311e+01
  -1.99615217088463445805e+01
  -1.98990263135711984432e+01
  -1.98426333101560103955e+01
  -1.99240128007184864600e+01
  -2.01414444167731367941e+01
  -2.03981385378170045897e+01
  -2.06680365704929904780e+01
  -2.08257988208346809245e+01
  -2.08131801886473724039e+01
  -2.08212038223078366173e+01
  -2.09344870473505153541e+01
  -2.11968967417544327247e+01
  -2.16194436249928365612e+01
  -2.20572036120341827825e+01
  -2.23668573636350274114e+01
  -2.25694257426974509428e+01
  -2.27890215657277295236e+01
  -2.31639027200180258603e+01
  -2.36196051438671190681e+01
  -2.41322403181598268418e+01
  -2.46372189375278125567e+01
  -2.49813002605938478951e+01
  -2.52849019672594756969e+01
  -2.57258597877663461873e+01
  -2.62030602702510790891e+01
  -2.68714469025973592409e+01
  -2.75929974810237546023e+01
  -2.82731897323462533222e+01
  -2.88853446481729214668e+01
  -2.94879897540089466190e+01
  -3.00583942545988449524e+01
  -3.06567014303720384305e+01
  -3.12386287646974416532e+01
  -3.16207593706518217402e+01
  -3.20028682579095971050e+01
  -3.23756006902481772158e+01
  -3.27531321717238483870e+01
  -3.30518659646057670898e+01
  -3.30963964488776127837e+01
  -3.28602370366786544764e+01
  -3.24528512307920991020e+01
  -3.19167070762694535802e+01
  -3.13503389029062375926e+01
  -3.08262988913503264143e+01
  -3.04129484578026385577e+01
  -3.00259198336309935939e+01
  -2.95256897144258942944e+01
  -2.89809882982363546944e+01
  -2.84198784020276526974e+01
  -2.78427832356507281020e+01
  -2.73335289302895212415e+01
  -2.68315932210578189654e+01
  -2.62892185786690610882e+01
  -2.59142892713223247370e+01
  -2.56672214758601597850e+01
  -2.55130305258428933257e+01
  -2.54940438747682378562e+01
  -2.54510174425867958803e+01
  -2.53217998713829040014e+01
  -2.51763212779634280025e+01
  -2.50480691041442256051e+01
  -2.49205350515976000736e+01
  -2.49554786656409959278e+01
  -2.50174345035550231842e+01
  -2.51297163050967498066e+01
  -2.52451702351827194093e+01
  -2.53382560022721108339e+01
  -2.54219930017914705900e+01
  -2.54624114808979165048e+01
  -2.54067095644667340082e+01
  -2.52142981227148119672e+01
  -2.48704707218353675557e+01
  -2.43874294125668598099e+01
  -2.37952404786757512056e+01
  -2.30940300920271397445e+01
  -2.22872327388587621044e+01
  -2.13895260327185141591e+01
  -2.03691065596160711948e+01
  -1.93186837522953815949e+01
  -1.83091011995951973290e+01
  -1.73918450388242149529e+01
  -1.65630302022338042889e+01
  -1.57805888969968002300e+01
  -1.49595547511785973427e+01
  -1.41359467464279262572e+01
  -1.33239928742703828135e+01
  -1.26062728736487468240e+01
  -1.20075381874571931462e+01
  -1.14571424347929156085e+01
  -1.09130241284067945884e+01
  -1.03740667477064576474e+01
  -9.84217732187691396462e+00
  -9.34263448661558015829e+00
  -8.90454520986165931618e+00
  -8.52952754052502015725e+00
  -8.19640417983485392028e+00
  -7.87562363608361692968e+00
  -7.54754051482431975728e+00
  -7.23393461309163132711e+00
  -6.95200760458822308863e+00
  -6.71493772525353715963e+00
  -6.51370359987762626020e+00
  -6.32543118767573719907e+00
  -6.13811531397032261737e+00
  -5.95069636703095028452e+00
  -5.77800321884205381195e+00
  -5.65123881910286396391e+00
  -5.55389557457269589236e+00
  -5.47697841652305150717e+00
  -5.40449090529601416932e+00
  -5.32435132028750945921e+00
  -5.24230850492793720719e+00
  -5.17418546073127316731e+00
  -5.12495622636693237695e+00
  -5.09806105663742492595e+00
  -5.10124893327141570865e+00
  -5.11947012040597471128e+00
  -5.12987385070886681149e+00
  -5.14670208026726161421e+00
  -5.16341146198319389526e+00
  -5.19908948494455369627e+00
  -5.25598398988564774470e+00
  -5.33585108971304844516e+00
  -5.44099258255230289194e+00
  -5.56277047295815485484e+00
  -5.68810307246740265441e+00
  -5.82953591164002471459e+00
  -5.98949614631365978568e+00
  -6.17631400225638582668e+00
  -6.38206159003448991740e+00
  -6.59852845186593572890e+00
  -6.83312127121660317641e+00
  -7.09754482811567122269e+00
</dep>
<dep S21_dB_IL_2 frequency>
  -4.77151885487042193290e+00
  -4.77121779302980186799e+00
  -4.77807720845329875203e+00
  -4.78116013102820502922e+00
  -4.78580563866278652085e+00
  -4.78608293208624857584e+00
  -4.79614608159663102782e+00
  -4.80140968156418423973e+00
  -4.79917304752922913025e+00
  -4.80307243030492614366e+00
  -4.80427933410006602344e+00
  -4.80873439668845925610e+00
  -4.80491557324887530456e+00
  -4.81096471694667737751e+00
  -4.81952118446376687189e+00
  -4.81625999317936592803e+00
  -4.82283779845729565494e+00
  -4.82157125033280475890e+00
  -4.82797972039824596635e+00
  -4.83506665706392535498e+00
  -4.83992678992613889477e+00
  -4.84391487273661702773e+00
  -4.84529655268541148416e+00
  -4.85330590691262031555e+00
  -4.85504499261589117509e+00
  -4.85261553805688716778e+00
  -4.86346423582946485453e+00
  -4.87358483926283714283e+00
  -4.87664781166236327437e+00
  -4.87602186204447018980e+00
  -4.87113257037250324544e+00
  -4.87969332212724093978e+00
  -4.88131973641282268517e+00
  -4.88820298065429348355e+00
  -4.89298484442355441359e+00
  -4.89566939605175655004e+00
  -4.89668724290512091812e+00
  -4.89582821074083884838e+00
  -4.90721398152951060467e+00
  -4.91275695811967594295e+00
  -4.91315328557603248072e+00
  -4.92594060774740416520e+00
  -4.92737245065579188008e+00
  -4.92282182192786432751e+00
  -4.92436654092287806606e+00
  -4.92518400610992745925e+00
  -4.93005718638953194244e+00
  -4.94099410638880431890e+00
  -4.93945217859555274487e+00
  -4.93980650239073959540e+00
  -4.94086344317942938176e+00
  -4.94765961439472334860e+00
  -4.95073419032461359279e+00
  -4.96112596181803855444e+00
  -4.95962037647574316424e+00
  -4.95918564694010211014e+00
  -4.96373059521337367528e+00
  -4.96120000203777955505e+00
  -4.95905023453007398615e+00
  -4.95910980994520045328e+00
  -4.96441270086580832555e+00
  -4.97103870650769064099e+00
  -4.97360362096571329005e+00
  -4.96928136271575127125e+00
  -4.97276144814064213762e+00
  -4.97371566662446262796e+00
  -4.97593819682170757090e+00
  -4.98893731022622333171e+00
  -4.98832490535349037941e+00
  -4.98720507820807767985e+00
  -4.98570363765198187878e+00
  -4.99519669356170581409e+00
  -4.99483071797841660100e+00
  -4.99806644974227154421e+00
  -5.01009347504237290138e+00
  -5.01147246007756663744e+00
  -5.01473520392460869743e+00
  -5.01667542127260901452e+00
  -5.02316940952007406906e+00
  -5.02700089831306851096e+00
  -5.03540838016268743615e+00
  -5.04354541568517777961e+00
  -5.04510438276523842660e+00
  -5.04910121122559019113e+00
  -5.05399415901116899619e+00
  -5.06060879945382957601e+00
  -5.07134295780022892330e+00
  -5.07964884160659213563e+00
  -5.08561780351798731203e+00
  -5.09103312022429843609e+00
  -5.09422338344870340165e+00
  -5.09502662660675476047e+00
  -5.10701460228820902643e+00
  -5.11845509921565700040e+00
  -5.12663403125848304853e+00
  -5.12589779293586111919e+00
  -5.12800743937765446390e+00
  -5.14287683548864205108e+00
  -5.15080721318124545860e+00
  -5.16471413797119538458e+00
  -5.16886751218375195549e+00
  -5.17612285616396050614e+00
  -5.18630564727088660959e+00
  -5.18998106855253471537e+00
  -5.19566688588859193487e+00
  -5.20842465584402880552e+00
  -5.22207944832544512792e+00
  -5.23468470070693925322e+00
  -5.23630941683131112541e+00
  -5.23305176177430197981e+00
  -5.24594639126944173313e+00
  -5.24690661086267695623e+00
  -5.25891702644009306766e+00
  -5.26210405211184539809e+00
  -5.28127304491962856758e+00
  -5.28278417980434689127e+00
  -5.28946490610150288347e+00
  -5.30383708555041977206e+00
  -5.31877673527966443601e+00
  -5.32823723768148482804e+00
  -5.34070264702593000550e+00
  -5.34591632378232795020e+00
  -5.35409874263576579523e+00
  -5.35584523076506613393e+00
  -5.36656787057735673585e+00
  -5.38357961501590409625e+00
  -5.40263560644387386134e+00
  -5.41073574450929495328e+00
  -5.42253859999331844222e+00
  -5.43725001804657193105e+00
  -5.44939157742808966134e+00
  -5.45884362097796937974e+00
  -5.47564157987247845938e+00
  -5.49287742559253544528e+00
  -5.51253300526486444966e+00
  -5.52522915557603333525e+00
  -5.53348387618864645532e+00
  -5.55751566589781198502e+00
  -5.58021894616992941707e+00
  -5.61504110732906980274e+00
  -5.65005988258893676601e+00
  -5.67832082002284543876e+00
  -5.70752736864670762174e+00
  -5.74596006258090774566e+00
  -5.78542936302589083652e+00
  -5.82857643409379644339e+00
  -5.87421242999229953341e+00
  -5.93913341426420160474e+00
  -5.99331317024167020691e+00
  -6.05670337479466613928e+00
  -6.13150199762017500404e+00
  -6.21306465473391789089e+00
  -6.31050602825676065777e+00
  -6.40404411639142434609e+00
  -6.50131655303384370370e+00
  -6.58422205249182823650e+00
  -6.68586931961704689087e+00
  -6.81309637250221378224e+00
  -6.95372722631373108015e+00
  -7.08977373891488849011e+00
  -7.21770570512645459615e+00
  -7.33413737391061726356e+00
  -7.44630238808728428523e+00
  -7.56303190013385773227e+00
  -7.69373549032108616785e+00
  -7.83591503303080827436e+00
  -7.98249358453188140317e+00
  -8.11661038947753255002e+00
  -8.23169813065019972953e+00
  -8.34965212956572067071e+00
  -8.47765967681177023962e+00
  -8.61411679779897454523e+00
  -8.74439998035173360336e+00
  -8.86255856858323198821e+00
  -8.94497501743942535768e+00
  -9.00645371413182438403e+00
  -9.07502472061077369858e+00
  -9.14566459579583579398e+00
  -9.22704315700569921432e+00
  -9.30452141397153731361e+00
  -9.36029992044763581305e+00
  -9.38555195913569484389e+00
  -9.38843314526943117926e+00
  -9.39411845604100470553e+00
  -9.39596266973675930956e+00
  -9.40139505338495951037e+00
  -9.38934930677853429870e+00
  -9.36704455377947553529e+00
  -9.33417423528992529214e+00
  -9.28031645057241050267e+00
  -9.22347332648369722108e+00
  -9.16843954108639103140e+00
  -9.08136208721357718332e+00
  -8.99146414005413596726e+00
  -8.88266480820545645258e+00
  -8.76492973257999530290e+00
  -8.64417560600456269526e+00
  -8.52908136063416577599e+00
  -8.41439713050735171862e+00
  -8.30575467451208915293e+00
</dep>
<dep S21_phase frequency>
  -3.78899446768626830817e+01
  -4.35480502304366083877e+01
  -4.92102361445401825790e+01
  -5.48614632153737247222e+01
  -6.04941668011323656629e+01
  -6.61108099155322435081e+01
  -7.17261788369269623900e+01
  -7.73789032752859782249e+01
  -8.30511155158392568865e+01
  -8.87186168541705200141e+01
  -9.43453082900025918889e+01
  -9.99484028474855534796e+01
  -1.05545160054314592912e+02
  -1.11205025089115807191e+02
  -1.16856822476744611095e+02
  -1.22531542859099005227e+02
  -1.28222344466484599934e+02
  -1.33830847389400247494e+02
  -1.39479148184703575453e+02
  -1.45111176330075409169e+02
  -1.50770599331052068237e+02
  -1.56447701677220976535e+02
  -1.62099744283873604900e+02
  -1.67763267446799915206e+02
  -1.73373087650028509188e+02
  -1.79011173721318328944e+02
  +1.75346510971122114597e+02
  +1.69678207248874656443e+02
  +1.63977082020461949696e+02
  +1.58299306067428204869e+02
  +1.52659159583699818086e+02
  +1.47017544595023366583e+02
  +1.41382676736772310733e+02
  +1.35728007262470100613e+02
  +1.30036747864027830701e+02
  +1.24332288849635929751e+02
  +1.18632483973718692027e+02
  +1.13016123609739196354e+02
  +1.07396326853290034364e+02
  +1.01735276300558581397e+02
  +9.60486481518233574661e+01
  +9.03594035659488525880e+01
  +8.46625823527130165758e+01
  +7.89796766266588292638e+01
  +7.33404980336678420372e+01
  +6.76988812470919469888e+01
  +6.20168139828704667593e+01
  +5.63241787946478780214e+01
  +5.05993309975440652693e+01
  +4.48979879615567156748e+01
  +3.92003068944687029784e+01
  +3.35812494409159754127e+01
  +2.79149791705880687687e+01
  +2.22463073494979326483e+01
  +1.65493295840373200178e+01
  +1.08475905485783759019e+01
  +5.08864996597817409452e+00
  -6.19215153800705242482e-01
  -6.29818504543703117093e+00
  -1.19772693565960395290e+01
  -1.76660414228504478729e+01
  -2.33810761567186951027e+01
  -2.90921051476066487851e+01
  -3.48061865242531496278e+01
  -4.05499598271747672129e+01
  -4.62816722174523036415e+01
  -5.20370062660302536983e+01
  -5.78123652481171674822e+01
  -6.35125184109204283800e+01
  -6.92164014836479992709e+01
  -7.48949522267626974781e+01
  -8.06071289498463130485e+01
  -8.63534459031417043207e+01
  -9.21162985336969768468e+01
  -9.78827832774394579474e+01
  -1.03667400250497166780e+02
  -1.09378495491910541659e+02
  -1.15043243364270679763e+02
  -1.20755867194908915963e+02
  -1.26504594545140378159e+02
  -1.32293817375676326265e+02
  -1.38103828446916168105e+02
  -1.43850775828829227976e+02
  -1.49588879264139933412e+02
  -1.55273536263734541762e+02
  -1.60974094018101567372e+02
  -1.66737746400687683490e+02
  -1.72575377345676656660e+02
  -1.78362285117185564332e+02
  +1.75873595732395926916e+02
  +1.70145403026633772470e+02
  +1.64431214698081419101e+02
  +1.58695254326537394718e+02
  +1.52910934840536981483e+02
  +1.47108844830122421854e+02
  +1.41344186889969279264e+02
  +1.35580438542304875682e+02
  +1.29826045665930536188e+02
  +1.24055610478827347265e+02
  +1.18256791630513859559e+02
  +1.12399477748370614449e+02
  +1.06593394223366956908e+02
  +1.00816929095482095136e+02
  +9.50883848755245679740e+01
  +8.93831038189699427221e+01
  +8.35913776589732719913e+01
  +7.77239972424231808645e+01
  +7.18722656317632271339e+01
  +6.60511478398418176994e+01
  +6.02662928337169461201e+01
  +5.45234373926004494137e+01
  +4.87707333632452417760e+01
  +4.29378363314175857113e+01
  +3.70349889411574650921e+01
  +3.11112255392310750324e+01
  +2.52373425641659672181e+01
  +1.93689112823120623830e+01
  +1.35486352555135169951e+01
  +7.73480057167208201463e+00
  +1.91058829203841185063e+00
  -3.93680150932803041286e+00
  -9.76487263297138596840e+00
  -1.56327945004593029665e+01
  -2.15056306232264731193e+01
  -2.74118595109140912314e+01
  -3.33525627690940282832e+01
  -3.92600019446901811193e+01
  -4.51915333287667522200e+01
  -5.11106389174569955003e+01
  -5.70059763759335780264e+01
  -6.29294049861634192666e+01
  -6.89234611958852525504e+01
  -7.49492203957403404502e+01
  -8.09748571098374867461e+01
  -8.69708822531113696641e+01
  -9.29583126250345799235e+01
  -9.89420488127037742743e+01
  -1.04974713203383174687e+02
  -1.11065420247170791868e+02
  -1.17165093563009833133e+02
  -1.23209175865635927494e+02
  -1.29236673115913845322e+02
  -1.35261387774075501511e+02
  -1.41281846940357212361e+02
  -1.47461261538382302660e+02
  -1.53718885716116488993e+02
  -1.59977207251519843112e+02
  -1.66135694014457413914e+02
  -1.72239921654203897106e+02
  -1.78264687029348522174e+02
  +1.75596047926603034739e+02
  +1.69411527984401260483e+02
  +1.63148421369770431966e+02
  +1.56938398431225692775e+02
  +1.50904079432998969423e+02
  +1.44951154740340683702e+02
  +1.38990370934941552150e+02
  +1.33015890550768517642e+02
  +1.26980033739855741715e+02
  +1.20925433939377654724e+02
  +1.14972162663523590709e+02
  +1.09195878644849216244e+02
  +1.03508018282357411977e+02
  +9.78900134789881377628e+01
  +9.22432582444843660596e+01
  +8.66084247399183340121e+01
  +8.10411839346152760299e+01
  +7.55383585360008709131e+01
  +7.01660365567125268171e+01
  +6.48452015597191291363e+01
  +5.95450649997411005643e+01
  +5.42478664013212252826e+01
  +4.90436676178123533987e+01
  +4.39884472258156904445e+01
  +3.90238721186026609189e+01
  +3.41087606053972791642e+01
  +2.92158904136486263781e+01
  +2.42960064969341793528e+01
  +1.93518351816660612030e+01
  +1.44165281077849911640e+01
  +9.55588213727907920259e+00
  +4.72719670352452947526e+00
  -1.13314744257852456633e-01
  -4.92925510620618378965e+00
  -9.69994640006298958212e+00
  -1.44186916185790359179e+01
  -1.91349015225062046852e+01
  -2.39341869761627421553e+01
  -2.87863728337291071568e+01
  -3.37276552012544144077e+01
  -3.87476608285358565809e+01
  -4.37183861715031696349e+01
  -4.86653614281010433729e+01
  -5.35890020380252707355e+01
  -5.85891294819748509326e+01
  -6.37051782481915296330e+01
  -6.89339464890818618414e+01
  -7.41716293639133965598e+01
  -7.94358300461515653978e+01
  -8.47738955347536204954e+01
</dep>
<dep S[2,2] frequency>
  -1.86176309981128280946e-02+j1.96236958037881124850e-02
  -1.93108229429875127847e-02+j2.02821629298507513650e-02
  -1.97022250636986924477e-02+j2.15567181653561618093e-02
  -2.00539221527468794481e-02+j2.36997300711877766088e-02
  -2.07105357988062732666e-02+j2.62004865459736918654e-02
  -2.12891427411633499256e-02+j2.85277367077950913532e-02
  -2.14566412524331701084e-02+j3.01702112941318462136e-02
  -2.07681907035192452049e-02+j3.13605104382638777416e-02
  -1.91649820864521897024e-02+j3.25825481423558313554e-02
  -1.71678782127000321978e-02+j3.41269661288223502549e-02
  -1.51444965479203691450e-02+j3.59654800024758122823e-02
  -1.32069699637485590826e-02+j3.75089335095603673698e-02
  -1.17828256780053777786e-02+j3.81632676643568827246e-02
  -1.02191002365350728370e-02+j3.81495176989870357631e-02
  -7.96482409010168708463e-03+j3.76523776356481182370e-02
  -5.52263488304467926870e-03+j3.70524779263744635793e-02
  -2.95265605894736923864e-03+j3.67339492208392653927e-02
  -7.40272146354307297722e-04+j3.63062458165350279704e-02
  +2.83655067177238768249e-04+j3.54350262351937062011e-02
  +1.05345941831388534640e-03+j3.39370114582060386499e-02
  +1.85183359705761319686e-03+j3.16732123977102320023e-02
  +2.71291632373317883123e-03+j2.92663087050863690575e-02
  +3.82759666067634994960e-03+j2.73349482186687371688e-02
  +4.75760486011440018872e-03+j2.59284063160356119393e-02
  +4.82712500785071382120e-03+j2.47931730522885952761e-02
  +3.94050471989617224350e-03+j2.34953008591507507552e-02
  +2.53706739632847356677e-03+j2.18081007591828385239e-02
  +1.01826659326144548789e-03+j1.99125609559739832899e-02
  -1.59406595352987081726e-04+j1.82929744831534096816e-02
  -1.09298851931216058075e-03+j1.73840288340281722002e-02
  -2.32615625871034027369e-03+j1.70695742385195067814e-02
  -4.20316905241120176984e-03+j1.72125390738913017219e-02
  -6.61048199574160253583e-03+j1.74373049768185919839e-02
  -9.13308942607917242928e-03+j1.74903995227503432364e-02
  -1.11796341787316899641e-02+j1.77562328062510453586e-02
  -1.26850655740922708264e-02+j1.87359505433391908269e-02
  -1.37892438255662608260e-02+j2.03902200483103736295e-02
  -1.55021601237951261315e-02+j2.27661964599409835652e-02
  -1.77466906749191508097e-02+j2.54438323939965016507e-02
  -1.98834674159850781361e-02+j2.79815047161031255074e-02
  -2.15988166325285502190e-02+j3.02510711227387645017e-02
  -2.17424829223901473763e-02+j3.27251465656808737670e-02
  -2.08000820680136408458e-02+j3.59867827037089679787e-02
  -1.95992322122205617219e-02+j4.01567566394546646147e-02
  -1.85778099445511289678e-02+j4.50850605368255108463e-02
  -1.80652626439406424619e-02+j4.98936923154331482544e-02
  -1.77074637982376804912e-02+j5.41631677430802621620e-02
  -1.60334945947054607895e-02+j5.77338049597284283521e-02
  -1.29513743532405547348e-02+j6.06596661446855978106e-02
  -8.56099372153290398557e-03+j6.35404058117170628117e-02
  -3.60558076496936361771e-03+j6.67841498953411077943e-02
  +1.12364529319646227340e-03+j7.10663495152892843443e-02
  +5.51269004338059750298e-03+j7.53381449353849319550e-02
  +1.05678554200283516401e-02+j7.90159089058341534972e-02
  +1.67564926318053593335e-02+j8.08862931650868866029e-02
  +2.40806264950677063885e-02+j8.09221827498212559204e-02
  +3.15525517151924936310e-02+j7.92873754545830033980e-02
  +3.91565291075839372326e-02+j7.80259625830224540222e-02
  +4.68487010281357085795e-02+j7.67553045510766945858e-02
  +5.47616750116483447242e-02+j7.48925227583584762758e-02
  +6.29074064947903605072e-02+j7.19515717140447180755e-02
  +7.06483172353558896983e-02+j6.75345536408403779305e-02
  +7.68990313709822376209e-02+j6.19856043505040213426e-02
  +8.22751505592893006558e-02+j5.57885841609649102413e-02
  +8.66361723422025553631e-02+j4.85241285064163807572e-02
  +9.05881332245494774735e-02+j4.03930854220903995389e-02
  +9.49820521894157859810e-02+j3.07332544246670946730e-02
  +9.84302874322054710543e-02+j2.00117893073091142331e-02
  +1.00589664427535974145e-01+j1.08140560851273537929e-02
  +1.01792052111782022061e-01+j2.71536749319011396289e-03
  +1.00776195981991667505e-01-j4.54587225601472532527e-03
  +9.76950591924282546463e-02-j1.16290205686160903059e-02
  +9.33436621112682246570e-02-j2.02726173249508853647e-02
  +8.76951673206239484815e-02-j2.97289689314387192698e-02
  +8.21904941972117913940e-02-j3.88985444919775422146e-02
  +7.77338118526765126104e-02-j4.74329809677585118033e-02
  +7.35436163815654520004e-02-j5.35580383235913920492e-02
  +6.87237572749724717758e-02-j5.78018996042797619794e-02
  +6.20260834489235468592e-02-j6.11879325329869744321e-02
  +5.33338410854316685716e-02-j6.35838552467266476809e-02
  +4.37181661264251855692e-02-j6.56942389792034980855e-02
  +3.49604095895688082862e-02-j6.76479940408715729738e-02
  +2.77727277385315315938e-02-j6.90138277175858377843e-02
  +2.17240963239487584746e-02-j6.92056465574670265362e-02
  +1.55133884955080594142e-02-j6.77169389048101755257e-02
  +8.72856656880392593745e-03-j6.53399528436672122345e-02
  +1.39490110715624355403e-03-j6.21267370172262356487e-02
  -5.00506565376788656319e-03-j5.84185717076843649687e-02
  -9.80993484801509496585e-03-j5.54949389376952970099e-02
  -1.32296779667033202743e-02-j5.27869532631126681110e-02
  -1.52019443950768429891e-02-j4.94414475754065135815e-02
  -1.74290123442065493509e-02-j4.57533900130658172101e-02
  -1.95527939627090398267e-02-j4.09010270586099497492e-02
  -2.11743348400261245656e-02-j3.59479157248882644216e-02
  -2.19155252158305217935e-02-j3.17486590772994570209e-02
  -2.20817107702302208028e-02-j2.83725601152439062258e-02
  -2.16518069916611724524e-02-j2.56188387985262361335e-02
  -2.10517957548976876458e-02-j2.33123596427979966339e-02
  -2.02567766451049943721e-02-j2.11973868776487751886e-02
  -1.92487069595170881553e-02-j1.95281214721624817032e-02
  -1.84266959060461407716e-02-j1.86812412042799448619e-02
  -1.71548736705641295675e-02-j1.83371503084756651281e-02
  -1.55797373742548352082e-02-j1.83290405183892217422e-02
  -1.40696311382825667985e-02-j1.82358762651328269733e-02
  -1.29443361211105389952e-02-j1.81019757662854337277e-02
  -1.24231986822461396708e-02-j1.83261975233816667985e-02
  -1.24491187350283111224e-02-j1.90420068430489156097e-02
  -1.25442444698737470832e-02-j2.02761317976986252254e-02
  -1.25150993021884270745e-02-j2.20578215748229444770e-02
  -1.26562448395235657705e-02-j2.39287863412666335083e-02
  -1.32703190945124976929e-02-j2.55076623783637330967e-02
  -1.44295049971897831192e-02-j2.64780120264671951780e-02
  -1.61749375880895565616e-02-j2.70632759743988544898e-02
  -1.83713837321993027352e-02-j2.78907378406985373420e-02
  -2.07357650192911587006e-02-j2.88873089906140287364e-02
  -2.32259493906046936285e-02-j2.99899006100390157215e-02
  -2.60458491613110784679e-02-j3.10633543609254436646e-02
  -2.90979837567524914077e-02-j3.16397521700325923266e-02
  -3.23586089398841397768e-02-j3.20479780469418717992e-02
  -3.59725565308346845184e-02-j3.24966275541741719812e-02
  -3.91674707352626383372e-02-j3.20602827951998667344e-02
  -4.18671793377457454599e-02-j3.09687811222154572854e-02
  -4.42457589685098864885e-02-j2.91933583452346871734e-02
  -4.61143776966688317964e-02-j2.63764102888269479086e-02
  -4.80619389749224329433e-02-j2.32465147051085507801e-02
  -5.03354370212093157888e-02-j2.00692854181952276549e-02
  -5.23374087105272361997e-02-j1.72411658918212341851e-02
  -5.38623648252885417476e-02-j1.50437762119667722827e-02
  -5.52197290742024796129e-02-j1.30940253716675687051e-02
  -5.54641197057969825845e-02-j1.08900708471157611767e-02
  -5.54351280631035572832e-02-j8.74956577155234019316e-03
  -5.49985053770337753432e-02-j6.66234789416994630656e-03
  -5.44317878615235908879e-02-j5.08772673456138468939e-03
  -5.39171516013486132324e-02-j4.27406476811956030637e-03
  -5.33988507344317978043e-02-j4.24572810695147614957e-03
  -5.30767383699220704485e-02-j5.07365381494387715500e-03
  -5.32565372985031662556e-02-j6.58183401009149616351e-03
  -5.41504466238393808442e-02-j8.81786368259535220659e-03
  -5.58733926919724385729e-02-j1.16695266105839197401e-02
  -5.84674420957827789547e-02-j1.49286042685597714758e-02
  -6.19690718947299018504e-02-j1.82510006204153231446e-02
  -6.66558759604977263402e-02-j2.14830079617269881220e-02
  -7.28829297301332862391e-02-j2.43690629551387254181e-02
  -8.08959521220688065890e-02-j2.67898671813190519808e-02
  -9.12603998255656634342e-02-j2.92703740553903607458e-02
  -1.03636797778032058170e-01-j3.09508171152992374309e-02
  -1.17434557101513292743e-01-j3.11326920922068220432e-02
  -1.31975749843257328386e-01-j2.85238769924607109274e-02
  -1.46761038636748636366e-01-j2.29312959443689415306e-02
  -1.61906410780100540325e-01-j1.43811994154010597963e-02
  -1.78631676248774878824e-01-j3.06186189481522401043e-03
  -1.96100734072949089981e-01+j1.13283362413678697495e-02
  -2.13758496541242209998e-01+j2.86902162396604244743e-02
  -2.29083944490562518848e-01+j4.89419690499145604301e-02
  -2.40339421171858191872e-01+j7.22722270100041586094e-02
  -2.48666015549963176356e-01+j9.82948275583716279957e-02
  -2.54072828017191720829e-01+j1.28400365063039784141e-01
  -2.56408445437740495354e-01+j1.61251406325368190631e-01
  -2.55756326333907102466e-01+j1.95677132017154614685e-01
  -2.51328786532002468324e-01+j2.30598889897653647196e-01
  -2.42075873665757113073e-01+j2.64744163928130660235e-01
  -2.27113879620720049424e-01+j2.97852174532344138314e-01
  -2.06554528328098729872e-01+j3.29873796506565286624e-01
  -1.81884496251730448657e-01+j3.60571628653855058566e-01
  -1.53377584210350303984e-01+j3.90342491312396067116e-01
  -1.21124653749392935387e-01+j4.17602461152254578192e-01
  -8.54957897136618127920e-02+j4.40946510639599997816e-01
  -4.69330022491692006037e-02+j4.59194300042715497501e-01
  -6.21375490389076533954e-03+j4.72364495863343669679e-01
  +3.63978542061035373334e-02+j4.81382766508333392874e-01
  +8.07872950310650345118e-02+j4.86620371454798750221e-01
  +1.26011461877989533464e-01+j4.88034468263711107561e-01
  +1.71785936669720779024e-01+j4.84615298151450768493e-01
  +2.16537571085840402363e-01+j4.74661940234681722917e-01
  +2.59453304163710873897e-01+j4.59397757737318834792e-01
  +3.00763647873195039129e-01+j4.39178197331801412062e-01
  +3.40090031028801587087e-01+j4.15263586708369769607e-01
  +3.77391262371453373170e-01+j3.88647161554678377549e-01
  +4.12541057826704249401e-01+j3.58994884139047454319e-01
  +4.44331116861670205598e-01+j3.26137150135259734629e-01
  +4.72188051976339617788e-01+j2.90339933562339724826e-01
  +4.95777394267364779346e-01+j2.51738590931620098701e-01
  +5.14385862131921833829e-01+j2.10589341895195181209e-01
  +5.28558009347467439021e-01+j1.68147690307698521872e-01
  +5.39788258752876060065e-01+j1.24658530607624953856e-01
  +5.47077059623316208636e-01+j8.01927244208723438712e-02
  +5.50707962653727678415e-01+j3.56498970240740065130e-02
  +5.49532997296662606423e-01-j8.48398533456157233346e-03
  +5.43612708926856091907e-01-j5.11118630448074845463e-02
  +5.33084285008854852350e-01-j9.22814554408187548429e-02
  +5.18086934283338407248e-01-j1.31452196360129336394e-01
  +4.99408867834295944199e-01-j1.68478013999176640114e-01
  +4.77597522267363239212e-01-j2.04431916707589172999e-01
  +4.52619266915220530567e-01-j2.37444414087907201827e-01
  +4.24629747585565320289e-01-j2.67369559163214975950e-01
  +3.93895085900450414584e-01-j2.93328872536957663275e-01
  +3.61529835663959742131e-01-j3.15168425543865760030e-01
  +3.28314429058172929654e-01-j3.33256567785473190035e-01
  +2.94594358015680901630e-01-j3.47212392729821406334e-01
  +2.61004115095836597416e-01-j3.56330706619272907787e-01
</dep>
<dep S[2,1] frequency>
  +4.55624075819297813528e-01-j3.54565262981892115324e-01
  +4.18461396767193793966e-01-j3.97772535649018765813e-01
  +3.76876502413701186534e-01-j4.36773361398277437662e-01
  +3.31916719627561751516e-01-j4.71595157983522583756e-01
  +2.83874695896711326526e-01-j5.01627659624217847600e-01
  +2.33409069886900966129e-01-j5.26985907762622329820e-01
  +1.80514231209484010687e-01-j5.46662335598657733726e-01
  +1.25714698454002543615e-01-j5.61444094525208492463e-01
  +6.96255449925715502735e-02-j5.71267417755192630224e-01
  +1.28637191518281013281e-02-j5.75092574528464295369e-01
  -4.35780299986858812855e-02-j5.73503231384357214928e-01
  -9.93138032989817343132e-02-j5.66217801281592936213e-01
  -1.54129397294603981416e-01-j5.54076412407358831480e-01
  -2.07877690093010103478e-01-j5.35801295954476897165e-01
  -2.59378604229824727412e-01-j5.12219478119341542488e-01
  -3.08872038075642785238e-01-j4.84243480075416954378e-01
  -3.55098329353090325089e-01-j4.50887550342344733956e-01
  -3.97521910175071324645e-01-j4.14085515251152336269e-01
  -4.36025098342463723888e-01-j3.72675136600879308713e-01
  -4.70110591110514564051e-01-j3.27817380477504083380e-01
  -4.99867055062714615854e-01-j2.79702969602711737362e-01
  -5.24843063105535967416e-01-j2.28778123165920971305e-01
  -5.44736436777041310719e-01-j1.75947759884270499287e-01
  -5.58925353317051842872e-01-j1.21219070509518120349e-01
  -5.67984322252866435932e-01-j6.59884020210711463861e-02
  -5.71879518713975243394e-01-j9.87063359903987691535e-03
  -5.69367670437865291966e-01+j4.63452550049897188389e-02
  -5.61351726122569338884e-01+j1.02235478146907185493e-01
  -5.48225707610720869312e-01+j1.57438536775970305825e-01
  -5.29998326864322910623e-01+j2.10919385864106440076e-01
  -5.06988588806832951583e-01+j2.62134144882837871737e-01
  -4.78291947501133130061e-01+j3.10398239770723172182e-01
  -4.45419799351783440855e-01+j3.55794501132300100554e-01
  -4.07871654045719234105e-01+j3.97636220515583393986e-01
  -3.66226692068615966580e-01+j4.35883917951578880867e-01
  -3.20988218426509819281e-01+j4.69981973728109514443e-01
  -2.72692366787695539276e-01+j4.99479187115326628277e-01
  -2.22522744996153237773e-01+j5.23820842517009555017e-01
  -1.69934235374755548964e-01+j5.42382654222673954436e-01
  -1.15529281780312242933e-01+j5.56145226748839593967e-01
  -5.98509488659012198197e-02+j5.64830018348506990300e-01
  -3.55762256384944052998e-03+j5.67145414822180282677e-01
  +5.27486828398060908496e-02+j5.64604393027475448541e-01
  +1.08454984140257115754e-01+j5.56897813836808919241e-01
  +1.62623863389027512039e-01+j5.43448860507657283136e-01
  +2.15240049082330409114e-01+j5.24780280874653448642e-01
  +2.65990822469883425594e-01+j5.00610332111779410269e-01
  +3.13939955726793618052e-01+j4.71163722156666131546e-01
  +3.59437132571898465550e-01+j4.37575509808701135217e-01
  +4.01112817318332370853e-01+j3.99687034960008569229e-01
  +4.38758481320947857363e-01+j3.57846598932543114024e-01
  +4.71319438845480942479e-01+j3.12921604296055200223e-01
  +4.99735570205239509889e-01+j2.64763662438541769184e-01
  +5.22818059857440342597e-01+j2.13851181855764294060e-01
  +5.41558046078234212040e-01+j1.60924103798604167803e-01
  +5.54894291132972949931e-01+j1.06329496683986821082e-01
  +5.62468730960632989913e-01+j5.00866888775178195625e-02
  +5.64825944079447972435e-01-j6.10450550063174404714e-03
  +5.61588662720958864405e-01-j6.19819594065159351626e-02
  +5.52694942167633262997e-01-j1.17249781631917418534e-01
  +5.38021999402650275002e-01-j1.71353431095513070170e-01
  +5.17889004939251496040e-01-j2.23907532405181963764e-01
  +4.92891530544704636885e-01-j2.74250957163458153332e-01
  +4.63367335554063231040e-01-j3.22122893533409893063e-01
  +4.28631147001819645670e-01-j3.66732450329956383150e-01
  +3.89819607771076381830e-01-j4.07661763775945762411e-01
  +3.46885225448069101084e-01-j4.44584421960171616295e-01
  +2.99937418063932814682e-01-j4.76520574845788691398e-01
  +2.51142853456808812229e-01-j5.03990365759846237204e-01
  +1.99834981535043088030e-01-j5.26523286339316221039e-01
  +1.46781675471674505351e-01-j5.43806581665877031284e-01
  +9.18266745150536495279e-02-j5.55108610945350022803e-01
  +3.57869972681891176935e-02-j5.61536889022625329559e-01
  -2.07707520127230413354e-02-j5.62082879129797818862e-01
  -7.70338017670372243728e-02-j5.56380683656129582104e-01
  -1.32697616515334598786e-01-j5.45696668236746340597e-01
  -1.86272570058457709319e-01-j5.29583971309532053340e-01
  -2.37583743434685107365e-01-j5.08497642670089899930e-01
  -2.86804652777445490131e-01-j4.81962953841045482761e-01
  -3.33491380232524003979e-01-j4.50612158395707118608e-01
  -3.76878369535970425552e-01-j4.14273716050427509572e-01
  -4.16488985905390185494e-01-j3.73643964022134678071e-01
  -4.51729424343594476721e-01-j3.30001594292695932253e-01
  -4.82238034067172360864e-01-j2.83053205767617721555e-01
  -5.07617767604568781437e-01-j2.33762205624429175721e-01
  -5.27924676205465126522e-01-j1.82046084114763112582e-01
  -5.42866520552337306071e-01-j1.27950641403498155402e-01
  -5.52536486191757547637e-01-j7.20034294786623257911e-02
  -5.56598039869702132521e-01-j1.59138636910625894116e-02
  -5.55035897998218841209e-01+j4.00425741574871249528e-02
  -5.48066408470459176527e-01+j9.52054279656747021177e-02
  -5.35814245023092272646e-01+j1.49287405824336055771e-01
  -5.17496300943525833205e-01+j2.01812756819717303847e-01
  -4.93870955457104521269e-01+j2.52607611180220292812e-01
  -4.65365697505528030931e-01+j3.00956676298854142182e-01
  -4.32820089730067913969e-01+j3.46206579574214412531e-01
  -3.95767388499729422247e-01+j3.87828845386817944174e-01
  -3.54280632136728224069e-01+j4.24827982734555242850e-01
  -3.09489248434625885409e-01+j4.57877429651454115334e-01
  -2.61224940105326930428e-01+j4.86025070494805089272e-01
  -2.10161039979752162221e-01+j5.09902094334804711906e-01
  -1.57368722576828462545e-01+j5.28105267666775679558e-01
  -1.03295912954709231957e-01+j5.40628239159928747348e-01
  -4.87963382697649203368e-02+j5.48006915699460472879e-01
  +5.91967295691455449441e-03+j5.49783222235443180814e-01
  +6.12794525013479821074e-02+j5.45577440552021730724e-01
  +1.16547373798470202400e-01+j5.35612210685376677333e-01
  +1.70300813101342957134e-01+j5.20183181253398019273e-01
  +2.22139610947087978721e-01+j5.00134825914993585982e-01
  +2.71520402696118545727e-01+j4.75375901220886742937e-01
  +3.17254323835033102963e-01+j4.45159224322805691099e-01
  +3.60237280844427687487e-01+j4.11071869283047897081e-01
  +3.99595444966316049040e-01+j3.71819050086229008212e-01
  +4.35555433250807699785e-01+j3.28631770397779965354e-01
  +4.66116264980269534579e-01+j2.81303877110657463145e-01
  +4.92371674871416864505e-01+j2.32084605078614669704e-01
  +5.13125848383721328005e-01+j1.80387245308277849309e-01
  +5.27899184662035669824e-01+j1.27211410430244503678e-01
  +5.37145211639308395313e-01+j7.29571270842434560500e-02
  +5.41186101139142228256e-01+j1.80531141621941490505e-02
  +5.39434712180212772026e-01-j3.71230778822007265183e-02
  +5.32557039884636207461e-01-j9.16523632872507376668e-02
  +5.19906416512772362459e-01-j1.45481308899230582510e-01
  +5.02190885523769670051e-01-j1.97875262224093073637e-01
  +4.78572418119794229519e-01-j2.48194067216279984356e-01
  +4.49433289159581028649e-01-j2.95813059262789113113e-01
  +4.15687997983631707388e-01-j3.39752363183694561233e-01
  +3.77999785528039589089e-01-j3.80535492857165369429e-01
  +3.36284775595277030114e-01-j4.16920675887769209833e-01
  +2.91190028959873337122e-01-j4.48495733794984974274e-01
  +2.43010916775049629068e-01-j4.75486556136995086597e-01
  +1.91820634644821158554e-01-j4.97721511804321115058e-01
  +1.38244571751772515888e-01-j5.14112758745292497409e-01
  +8.33470317835873636403e-02-j5.24742002190169753995e-01
  +2.80133174393221162646e-02-j5.29378297541485798305e-01
  -2.73191382402738457136e-02-j5.28639235583798661189e-01
  -8.22007419628476426743e-02-j5.22414325931258471947e-01
  -1.36271328791524953816e-01-j5.09470811403857748445e-01
  -1.89063554228133395840e-01-j4.90851492852234783104e-01
  -2.39189428568430201283e-01-j4.66110559466712814913e-01
  -2.85783759556600236440e-01-j4.36570749612587627464e-01
  -3.28974158162040897224e-01-j4.02835459231140891045e-01
  -3.68197560978585192171e-01-j3.64853303084161917358e-01
  -4.02648334095511262198e-01-j3.22791649217150034001e-01
  -4.33082384790448693401e-01-j2.76315738839184477094e-01
  -4.58337739999387538958e-01-j2.26336672071058897515e-01
  -4.77762737325382991216e-01-j1.74106682506196874805e-01
  -4.90007355375545960996e-01-j1.20940651299642598637e-01
  -4.96979894603254035435e-01-j6.77250354259162495874e-02
  -4.97697675197346423026e-01-j1.50783428324789171848e-02
  -4.92199004199447620600e-01+j3.79068007773587234421e-02
  -4.80715432746182169677e-01+j8.98633436827749321196e-02
  -4.62821337616662331627e-01+j1.40188742049397796485e-01
  -4.40175006957077064040e-01+j1.87401985067911225347e-01
  -4.13380147730418423535e-01+j2.30045889605870884642e-01
  -3.83613547611964200712e-01+j2.69096765636422929902e-01
  -3.49480492854222279941e-01+j3.03901888309275503008e-01
  -3.11356287892985306165e-01+j3.33703140724105562498e-01
  -2.70131825573026451703e-01+j3.58737071025166387450e-01
  -2.27200147136713437312e-01+j3.79241639073418734807e-01
  -1.83912051467347431588e-01+j3.94901475398579560050e-01
  -1.41326382924862659074e-01+j4.05928104258994559839e-01
  -9.91113091273270185866e-02+j4.12573947544129016052e-01
  -5.74685250945993972294e-02+j4.14684240706760409712e-01
  -1.61420580617136662227e-02+j4.12078803452174680100e-01
  +2.40010046307227720153e-02+j4.04988723551502394216e-01
  +6.21201087435335197462e-02+j3.94043869812247982143e-01
  +9.80941956294014011375e-02+j3.80352400692719638808e-01
  +1.31520456844775507355e-01+j3.64633793443423004366e-01
  +1.62544797451812883526e-01+j3.46133816310875308542e-01
  +1.90987731128117316226e-01+j3.24816762824318872038e-01
  +2.16728036606267299158e-01+j3.01030592117507433958e-01
  +2.39520041708643216527e-01+j2.75960785178978706966e-01
  +2.59352661115138161119e-01+j2.50352911625786711536e-01
  +2.77400508452106064894e-01+j2.24825935618661487680e-01
  +2.93558276727096501002e-01+j1.98819363032745555220e-01
  +3.07013097852395611120e-01+j1.71695580649957546537e-01
  +3.18010179582130403375e-01+j1.43560418639962050769e-01
  +3.26129782245701216326e-01+j1.14540362041285787020e-01
  +3.31801739038759924139e-01+j8.52942391407689876059e-02
  +3.35673148246122432514e-01+j5.65090347693853883859e-02
  +3.38253718187236762649e-01+j2.79711690256292840051e-02
  +3.39295026294821000512e-01-j6.71029866182184858356e-04
  +3.37819631857018909393e-01-j2.91351240869453000093e-02
  +3.34155197793168434739e-01-j5.71178722462216265088e-02
  +3.28118532106591420661e-01-j8.43606284694918134859e-02
  +3.20515595088924631906e-01-j1.11207174511825421237e-01
  +3.10884948238560721023e-01-j1.37987228814520912490e-01
  +2.99229343589940188775e-01-j1.64410058208820653025e-01
  +2.85721999872053711300e-01-j1.90752201061265891369e-01
  +2.69693725709230336385e-01-j2.16433996473362005863e-01
  +2.51514693835269753652e-01-j2.40507126358308565006e-01
  +2.32153698891252979752e-01-j2.63933033601160826898e-01
  +2.10814852864348672989e-01-j2.85827427585309212787e-01
  +1.87433610516596044215e-01-j3.06934584191089376848e-01
  +1.61490730682010558139e-01-j3.26826023732038672964e-01
  +1.32868626870397826822e-01-j3.44945460746576171296e-01
  +1.02169508933571323572e-01-j3.60378187450429321448e-01
  +6.95872055489345220369e-02-j3.73126277614190093868e-01
  +3.50078427029372266088e-02-j3.82739374003478516340e-01
</dep>
<dep S[1,2] frequency>
  +4.55624075819297813528e-01-j3.54565262981892392880e-01
  +4.18461396767193960500e-01-j3.97772535649018932347e-01
  +3.76876502413701020000e-01-j4.36773361398277493173e-01
  +3.31916719627562029071e-01-j4.71595157983522861311e-01
  +2.83874695896711437548e-01-j5.01627659624218180667e-01
  +2.33409069886901271440e-01-j5.26985907762622440842e-01
  +1.80514231209484093954e-01-j5.46662335598657622704e-01
  +1.25714698454002571371e-01-j5.61444094525208270419e-01
  +6.96255449925718000737e-02-j5.71267417755193296358e-01
  +1.28637191518281741864e-02-j5.75092574528463962302e-01
  -4.35780299986861657802e-02-j5.73503231384357103906e-01
  -9.93138032989816094132e-02-j5.66217801281592714169e-01
  -1.54129397294603953661e-01-j5.54076412407358498413e-01
  -2.07877690093010075723e-01-j5.35801295954476897165e-01
  -2.59378604229824005767e-01-j5.12219478119340876354e-01
  -3.08872038075642896260e-01-j4.84243480075417231934e-01
  -3.55098329353089992022e-01-j4.50887550342344844978e-01
  -3.97521910175071546689e-01-j4.14085515251152502803e-01
  -4.36025098342463335310e-01-j3.72675136600879530757e-01
  -4.70110591110513953428e-01-j3.27817380477504027869e-01
  -4.99867055062714560343e-01-j2.79702969602712014918e-01
  -5.24843063105535856394e-01-j2.28778123165921054571e-01
  -5.44736436777041754809e-01-j1.75947759884270665820e-01
  -5.58925353317052620028e-01-j1.21219070509518342393e-01
  -5.67984322252865991842e-01-j6.59884020210712574084e-02
  -5.71879518713975687483e-01-j9.87063359904002263212e-03
  -5.69367670437865402988e-01+j4.63452550049895314888e-02
  -5.61351726122569227861e-01+j1.02235478146907157737e-01
  -5.48225707610720092156e-01+j1.57438536775970222559e-01
  -5.29998326864322799601e-01+j2.10919385864106218031e-01
  -5.06988588806832618516e-01+j2.62134144882837816226e-01
  -4.78291947501133296594e-01+j3.10398239770723338715e-01
  -4.45419799351783385344e-01+j3.55794501132299323398e-01
  -4.07871654045719178594e-01+j3.97636220515583671542e-01
  -3.66226692068616299647e-01+j4.35883917951579047401e-01
  -3.20988218426509819281e-01+j4.69981973728109292399e-01
  -2.72692366787695150698e-01+j4.99479187115326128676e-01
  -2.22522744996153654107e-01+j5.23820842517009666039e-01
  -1.69934235374755798764e-01+j5.42382654222674509548e-01
  -1.15529281780312020889e-01+j5.56145226748839260900e-01
  -5.98509488659013724754e-02+j5.64830018348506990300e-01
  -3.55762256384960055822e-03+j5.67145414822180726766e-01
  +5.27486828398059104384e-02+j5.64604393027475448541e-01
  +1.08454984140257004732e-01+j5.56897813836809030263e-01
  +1.62623863389027595305e-01+j5.43448860507656950070e-01
  +2.15240049082330547892e-01+j5.24780280874652893530e-01
  +2.65990822469883481105e-01+j5.00610332111779632314e-01
  +3.13939955726793840096e-01+j4.71163722156666353591e-01
  +3.59437132571898243505e-01+j4.37575509808700691128e-01
  +4.01112817318332259831e-01+j3.99687034960008902296e-01
  +4.38758481320948023896e-01+j3.57846598932543114024e-01
  +4.71319438845480664924e-01+j3.12921604296055089200e-01
  +4.99735570205239565400e-01+j2.64763662438541880206e-01
  +5.22818059857440120552e-01+j2.13851181855764543860e-01
  +5.41558046078234101017e-01+j1.60924103798603862492e-01
  +5.54894291132972283798e-01+j1.06329496683986418626e-01
  +5.62468730960632878890e-01+j5.00866888775181109961e-02
  +5.64825944079448305502e-01-j6.10450550063165123943e-03
  +5.61588662720958753383e-01-j6.19819594065157963847e-02
  +5.52694942167633485042e-01-j1.17249781631917099345e-01
  +5.38021999402650275002e-01-j1.71353431095512820370e-01
  +5.17889004939251607063e-01-j2.23907532405182047031e-01
  +4.92891530544704192796e-01-j2.74250957163458208843e-01
  +4.63367335554062953484e-01-j3.22122893533409559996e-01
  +4.28631147001819923226e-01-j3.66732450329956105595e-01
  +3.89819607771076215297e-01-j4.07661763775946039967e-01
  +3.46885225448069378640e-01-j4.44584421960171838339e-01
  +2.99937418063933203261e-01-j4.76520574845788857932e-01
  +2.51142853456808812229e-01-j5.03990365759846015159e-01
  +1.99834981535042838230e-01-j5.26523286339316110016e-01
  +1.46781675471674227795e-01-j5.43806581665876698217e-01
  +9.18266745150534968722e-02-j5.55108610945349689736e-01
  +3.57869972681890344268e-02-j5.61536889022625551604e-01
  -2.07707520127230135798e-02-j5.62082879129797929885e-01
  -7.70338017670371272283e-02-j5.56380683656129582104e-01
  -1.32697616515335098386e-01-j5.45696668236746895708e-01
  -1.86272570058458097897e-01-j5.29583971309533052541e-01
  -2.37583743434684968587e-01-j5.08497642670090121975e-01
  -2.86804652777445656664e-01-j4.81962953841046037873e-01
  -3.33491380232524115002e-01-j4.50612158395707118608e-01
  -3.76878369535970481063e-01-j4.14273716050427287527e-01
  -4.16488985905389963449e-01-j3.73643964022134678071e-01
  -4.51729424343594643254e-01-j3.30001594292696154298e-01
  -4.82238034067172527397e-01-j2.83053205767617721555e-01
  -5.07617767604568892459e-01-j2.33762205624428787143e-01
  -5.27924676205465126522e-01-j1.82046084114762696249e-01
  -5.42866520552337195049e-01-j1.27950641403498266424e-01
  -5.52536486191757658659e-01-j7.20034294786623257911e-02
  -5.56598039869701466387e-01-j1.59138636910625963505e-02
  -5.55035897998218508143e-01+j4.00425741574869861750e-02
  -5.48066408470459620617e-01+j9.52054279656750768179e-02
  -5.35814245023092605713e-01+j1.49287405824336472104e-01
  -5.17496300943525833205e-01+j2.01812756819717165069e-01
  -4.93870955457104465758e-01+j2.52607611180220070768e-01
  -4.65365697505528252975e-01+j3.00956676298854419738e-01
  -4.32820089730067913969e-01+j3.46206579574214190487e-01
  -3.95767388499729977358e-01+j3.87828845386818110708e-01
  -3.54280632136728279580e-01+j4.24827982734555575917e-01
  -3.09489248434625552342e-01+j4.57877429651453782267e-01
  -2.61224940105326763895e-01+j4.86025070494805089272e-01
  -2.10161039979752189977e-01+j5.09902094334804933951e-01
  -1.57368722576828240500e-01+j5.28105267666775901603e-01
  -1.03295912954709370735e-01+j5.40628239159928525304e-01
  -4.87963382697649342146e-02+j5.48006915699460583902e-01
  +5.91967295691439923666e-03+j5.49783222235443291837e-01
  +6.12794525013478363906e-02+j5.45577440552021841746e-01
  +1.16547373798470327300e-01+j5.35612210685376455288e-01
  +1.70300813101343040401e-01+j5.20183181253397797228e-01
  +2.22139610947088339543e-01+j5.00134825914994141094e-01
  +2.71520402696118934305e-01+j4.75375901220887242538e-01
  +3.17254323835033213985e-01+j4.45159224322805913143e-01
  +3.60237280844427687487e-01+j4.11071869283048008104e-01
  +3.99595444966316049040e-01+j3.71819050086228952701e-01
  +4.35555433250807311207e-01+j3.28631770397779465753e-01
  +4.66116264980269701113e-01+j2.81303877110657463145e-01
  +4.92371674871416808994e-01+j2.32084605078614614193e-01
  +5.13125848383720994939e-01+j1.80387245308277710532e-01
  +5.27899184662036002891e-01+j1.27211410430244614700e-01
  +5.37145211639308395313e-01+j7.29571270842434144166e-02
  +5.41186101139142228256e-01+j1.80531141621941525199e-02
  +5.39434712180212883048e-01-j3.71230778822006918238e-02
  +5.32557039884636540528e-01-j9.16523632872507376668e-02
  +5.19906416512772140415e-01-j1.45481308899230554754e-01
  +5.02190885523769670051e-01-j1.97875262224093129149e-01
  +4.78572418119793951963e-01-j2.48194067216279790067e-01
  +4.49433289159580862115e-01-j2.95813059262789390669e-01
  +4.15687997983631984944e-01-j3.39752363183694672255e-01
  +3.77999785528039700111e-01-j3.80535492857165313918e-01
  +3.36284775595277085625e-01-j4.16920675887769154322e-01
  +2.91190028959873337122e-01-j4.48495733794984807741e-01
  +2.43010916775049351513e-01-j4.75486556136995031085e-01
  +1.91820634644821380599e-01-j4.97721511804320893013e-01
  +1.38244571751772626911e-01-j5.14112758745292830476e-01
  +8.33470317835870860845e-02-j5.24742002190169642972e-01
  +2.80133174393223556564e-02-j5.29378297541485909328e-01
  -2.73191382402737520385e-02-j5.28639235583798661189e-01
  -8.22007419628477259410e-02-j5.22414325931258471947e-01
  -1.36271328791524565238e-01-j5.09470811403858081512e-01
  -1.89063554228133340329e-01-j4.90851492852234783104e-01
  -2.39189428568430340061e-01-j4.66110559466712925936e-01
  -2.85783759556600180929e-01-j4.36570749612587793997e-01
  -3.28974158162041119269e-01-j4.02835459231141057579e-01
  -3.68197560978584803593e-01-j3.64853303084161473269e-01
  -4.02648334095511428732e-01-j3.22791649217150367068e-01
  -4.33082384790448471357e-01-j2.76315738839184477094e-01
  -4.58337739999387594469e-01-j2.26336672071058925271e-01
  -4.77762737325382658149e-01-j1.74106682506196708271e-01
  -4.90007355375545960996e-01-j1.20940651299642459859e-01
  -4.96979894603254146457e-01-j6.77250354259164299986e-02
  -4.97697675197346256493e-01-j1.50783428324786465680e-02
  -4.92199004199447509578e-01+j3.79068007773586054809e-02
  -4.80715432746182225188e-01+j8.98633436827749598752e-02
  -4.62821337616662387138e-01+j1.40188742049397685463e-01
  -4.40175006957077230574e-01+j1.87401985067911502902e-01
  -4.13380147730418701091e-01+j2.30045889605871023420e-01
  -3.83613547611964644801e-01+j2.69096765636423207457e-01
  -3.49480492854222501986e-01+j3.03901888309275558520e-01
  -3.11356287892985583721e-01+j3.33703140724105784543e-01
  -2.70131825573026063125e-01+j3.58737071025166165406e-01
  -2.27200147136713354046e-01+j3.79241639073418568273e-01
  -1.83912051467347376077e-01+j3.94901475398579115961e-01
  -1.41326382924862575807e-01+j4.05928104258994504328e-01
  -9.91113091273269630754e-02+j4.12573947544129127074e-01
  -5.74685250945991266125e-02+j4.14684240706760631756e-01
  -1.61420580617134927504e-02+j4.12078803452174791122e-01
  +2.40010046307226540541e-02+j4.04988723551502338704e-01
  +6.21201087435335197462e-02+j3.94043869812248093165e-01
  +9.80941956294014566486e-02+j3.80352400692719472275e-01
  +1.31520456844775590621e-01+j3.64633793443423281921e-01
  +1.62544797451813105571e-01+j3.46133816310875475075e-01
  +1.90987731128117316226e-01+j3.24816762824318705505e-01
  +2.16728036606267299158e-01+j3.01030592117507544980e-01
  +2.39520041708643244283e-01+j2.75960785178978762477e-01
  +2.59352661115138438674e-01+j2.50352911625786989092e-01
  +2.77400508452106064894e-01+j2.24825935618661515436e-01
  +2.93558276727096389980e-01+j1.98819363032745610731e-01
  +3.07013097852395722143e-01+j1.71695580649957602049e-01
  +3.18010179582130514397e-01+j1.43560418639962078524e-01
  +3.26129782245701160814e-01+j1.14540362041285981309e-01
  +3.31801739038760090672e-01+j8.52942391407689737282e-02
  +3.35673148246122654559e-01+j5.65090347693855479805e-02
  +3.38253718187236873671e-01+j2.79711690256291660439e-02
  +3.39295026294820778467e-01-j6.71029866182141598689e-04
  +3.37819631857018798371e-01-j2.91351240869453138871e-02
  +3.34155197793168656784e-01-j5.71178722462217722255e-02
  +3.28118532106591642705e-01-j8.43606284694918134859e-02
  +3.20515595088924354350e-01-j1.11207174511825365726e-01
  +3.10884948238560721023e-01-j1.37987228814520884734e-01
  +2.99229343589939911219e-01-j1.64410058208820514247e-01
  +2.85721999872053711300e-01-j1.90752201061265919124e-01
  +2.69693725709230558429e-01-j2.16433996473362005863e-01
  +2.51514693835269920186e-01-j2.40507126358308731540e-01
  +2.32153698891252868730e-01-j2.63933033601160715875e-01
  +2.10814852864348561967e-01-j2.85827427585309101765e-01
  +1.87433610516596044215e-01-j3.06934584191089654404e-01
  +1.61490730682010391606e-01-j3.26826023732038561942e-01
  +1.32868626870398104378e-01-j3.44945460746576337829e-01
  +1.02169508933571420717e-01-j3.60378187450429432470e-01
  +6.95872055489344526480e-02-j3.73126277614189982845e-01
  +3.50078427029372821200e-02-j3.82739374003478682873e-01
</dep>
<dep S[1,1] frequency>
  -3.89540001600603095350e-03-j2.78746934732605373963e-02
  -3.33218955792385137377e-03-j2.86915159383854395658e-02
  -3.25273133861292895394e-03-j2.97523696800897387293e-02
  -3.48495702521003924979e-03-j3.14773066705421253331e-02
  -3.39378239057411051557e-03-j3.35962755581634686664e-02
  -3.06111193964371443993e-03-j3.54526776827581643903e-02
  -2.60984659279424931894e-03-j3.64393689727228950459e-02
  -2.62844904195636908453e-03-j3.66509341539767649620e-02
  -3.39226573084397582669e-03-j3.66165117168653075908e-02
  -4.48384622894734945903e-03-j3.68726078613500901637e-02
  -5.51563756897537754709e-03-j3.75498575523372998819e-02
  -6.21812834221647462579e-03-j3.81089438767120494700e-02
  -6.09429593294808120973e-03-j3.80214776771796922339e-02
  -5.90328417978001462191e-03-j3.73616236470742033027e-02
  -6.31180617129599094706e-03-j3.62767243572996514467e-02
  -6.90816066730859899836e-03-j3.52564271846588783710e-02
  -7.66291480354376955408e-03-j3.47351774734212734308e-02
  -8.07639994966105438656e-03-j3.43298862339990601411e-02
  -7.32194597415412439662e-03-j3.36491298294386703693e-02
  -6.42730187939864836683e-03-j3.24379987439088676715e-02
  -5.76762659998460765903e-03-j3.05583199972923463816e-02
  -5.38909660018477374571e-03-j2.86512723471024390032e-02
  -5.40864653470629792864e-03-j2.73695066144557103138e-02
  -5.33474255789055749194e-03-j2.66920597582685284466e-02
  -4.50775331353477255736e-03-j2.61618090036211149718e-02
  -2.94344542261265260108e-03-j2.52308154992477058631e-02
  -1.19379124134211863500e-03-j2.37055265591080942256e-02
  +3.68930395146192411857e-04-j2.18424356792023231788e-02
  +1.46641148641822333804e-03-j2.02601854756990149009e-02
  +2.40299139036225135879e-03-j1.93365797288004362398e-02
  +3.71552212770724730323e-03-j1.87193554509451076662e-02
  +5.69841335636226981737e-03-j1.80597390569076955702e-02
  +8.09166298727381251565e-03-j1.70015669315249952354e-02
  +1.03876116620102258714e-02-j1.54790997758378363197e-02
  +1.22750335378800229380e-02-j1.41491141539176277370e-02
  +1.40429882331343305890e-02-j1.35023395931105315293e-02
  +1.58830206681604968466e-02-j1.34291973050743428802e-02
  +1.87254391338639684939e-02-j1.33279363321501705120e-02
  +2.22503596551520341218e-02-j1.28254139647750800557e-02
  +2.56554468861166298788e-02-j1.19835626577010721100e-02
  +2.86172879650221090309e-02-j1.09582442482567005843e-02
  +3.06887579657419001800e-02-j1.09892964262799409936e-02
  +3.27608084292888637745e-02-j1.22163547567792473564e-02
  +3.55980923527291701070e-02-j1.40911486281999082798e-02
  +3.94347711906383943670e-02-j1.61182517618879764254e-02
  +4.37576215059588199963e-02-j1.74247521448622315343e-02
  +4.79443931833677880472e-02-j1.80535493732606362738e-02
  +5.10004847483454884505e-02-j1.92298034160273655091e-02
  +5.29776786985094241822e-02-j2.11902824762006114501e-02
  +5.45423589913097695003e-02-j2.42683855294885571230e-02
  +5.65021288032568833049e-02-j2.80249711790261819833e-02
  +5.98660110692915900521e-02-j3.19868302930602782519e-02
  +6.37029715832784226848e-02-j3.55070864885590892213e-02
  +6.70397583594754264968e-02-j3.93158440764590846883e-02
  +6.85806780388061310028e-02-j4.35282261175038917567e-02
  +6.83364915548458906613e-02-j4.83325145804722050569e-02
  +6.67736834015820318600e-02-j5.29892482847350923536e-02
  +6.59006223505267108020e-02-j5.80672276835242362480e-02
  +6.53676998341026355144e-02-j6.33866251039877509621e-02
  +6.45831319544925008813e-02-j6.89651932140384754666e-02
  +6.30707545656800649958e-02-j7.47897588787743566874e-02
  +6.05024331368957876687e-02-j8.02595297163129217655e-02
  +5.72434918904217715507e-02-j8.44014916458217523410e-02
  +5.36384060087424646701e-02-j8.79308558243952903544e-02
  +4.91845224412427797778e-02-j9.07553820539449690452e-02
  +4.40464833179967304999e-02-j9.35734140437259886980e-02
  +3.76215094532671226468e-02-j9.73806502122091244278e-02
  +3.03008696615407538411e-02-j1.00852729018722581111e-01
  +2.45928588016204596745e-02-j1.03339140682864497056e-01
  +2.00121000981334645763e-02-j1.05105875131862494531e-01
  +1.59248748101737495897e-02-j1.04856948596845384047e-01
  +1.15035620906489902127e-02-j1.02877643274627825209e-01
  +5.10241811890514446876e-03-j1.00502835318160205214e-01
  -2.61384611910525470335e-03-j9.76640869739141687100e-02
  -1.01408040325811753951e-02-j9.54725369813911733941e-02
  -1.67594286317696017363e-02-j9.46262387489002765317e-02
  -2.10445327232337553447e-02-j9.35519970963850505674e-02
  -2.39419161978003114388e-02-j9.14448382619296451512e-02
  -2.71063225049055500637e-02-j8.75480715388559926904e-02
  -3.06805886114425788169e-02-j8.17229889835454081926e-02
  -3.49015949023811292151e-02-j7.53119280965820758755e-02
  -3.89288929665985369843e-02-j6.99422719288004396399e-02
  -4.18950747711547902274e-02-j6.58982650766619659777e-02
  -4.34908028394311099718e-02-j6.23347914109277784211e-02
  -4.41541445045417133008e-02-j5.77580735473274126113e-02
  -4.48905721579685446088e-02-j5.22950038992318205766e-02
  -4.58242178172372435774e-02-j4.59849772428664801960e-02
  -4.62006923449171935658e-02-j4.01243048044902933524e-02
  -4.63486619456101867076e-02-j3.60545997658982195211e-02
  -4.58855644958711464398e-02-j3.31430521637757352638e-02
  -4.41150932475137952382e-02-j3.06555780990244337858e-02
  -4.25770337427502504335e-02-j2.76720286097156230321e-02
  -4.05504396054333915433e-02-j2.37084769101930312174e-02
  -3.83639508140536031333e-02-j1.98372059505606684882e-02
  -3.61040078789828661199e-02-j1.69711666923450972544e-02
  -3.39712346057916628195e-02-j1.49973112069547182684e-02
  -3.17535833272435535912e-02-j1.37423397879465856997e-02
  -2.96910949649127897665e-02-j1.28476930638382925987e-02
  -2.76187244846181033375e-02-j1.20850879783069714568e-02
  -2.55820893681058293689e-02-j1.17019054172358017568e-02
  -2.40434615441435899086e-02-j1.19331340812558004544e-02
  -2.22194105158073883233e-02-j1.27036941673578530204e-02
  -2.01521275424975179758e-02-j1.37798023178024517388e-02
  -1.80798624343654172619e-02-j1.46384430229313938776e-02
  -1.63498145117070940724e-02-j1.52682051153192471782e-02
  -1.52621477462625589061e-02-j1.60766935939834591796e-02
  -1.47497973540239198098e-02-j1.72709095837245696359e-02
  -1.42801839354972700397e-02-j1.89802726929436949010e-02
  -1.36090095535728143605e-02-j2.12580846949782832633e-02
  -1.29798183403907422401e-02-j2.36115573170989634377e-02
  -1.27004132371423480996e-02-j2.56714394120385602793e-02
  -1.28923650128083874117e-02-j2.71567525364714602853e-02
  -1.36376998286004136318e-02-j2.83573951989424428988e-02
  -1.47500230003931396411e-02-j2.99496400601614240489e-02
  -1.59189614257794452568e-02-j3.18503623539015540134e-02
  -1.70878853640321834439e-02-j3.39980143470739459843e-02
  -1.84718858078733345895e-02-j3.63093321624973347506e-02
  -2.00851818910261180340e-02-j3.83212000044758707706e-02
  -2.18434554344954789951e-02-j4.03786746863079998304e-02
  -2.38137841521718907067e-02-j4.27494220168693275785e-02
  -2.55711016640203722683e-02-j4.42936475902596243914e-02
  -2.70423339445542108839e-02-j4.51839770383786684671e-02
  -2.84731613154100490770e-02-j4.54440863147198767513e-02
  -2.99257549478122338027e-02-j4.46622556056248468104e-02
  -3.16793479773245997833e-02-j4.37832563001393088031e-02
  -3.38238489873929001894e-02-j4.32003455351549214836e-02
  -3.56029173759313949388e-02-j4.29642798577346760047e-02
  -3.66527855384183656740e-02-j4.31523767636406499482e-02
  -3.74255104285169878930e-02-j4.35662815107693487948e-02
  -3.74719045962959573792e-02-j4.31740197070440354099e-02
  -3.73147194040144986049e-02-j4.27085531688003727790e-02
  -3.68721722814871893936e-02-j4.20481596121125705823e-02
  -3.60384775817874647430e-02-j4.17035517403415365023e-02
  -3.47309994267093122278e-02-j4.19402641232344552957e-02
  -3.28344652981883491916e-02-j4.26842178600990163062e-02
  -3.03726921331880332644e-02-j4.40803496761959789918e-02
  -2.76156099364922545669e-02-j4.62046024651029188512e-02
  -2.45651878838141039807e-02-j4.92342962122696153893e-02
  -2.12819344448360696365e-02-j5.31769889423909930537e-02
  -1.78700986729324433344e-02-j5.79446640945717253435e-02
  -1.45663614539207723897e-02-j6.33922412582289401817e-02
  -1.15558386000146062766e-02-j6.97174880530877089102e-02
  -9.13668608366957971101e-03-j7.71862686435765138482e-02
  -7.40123252516490959946e-03-j8.60561856620924436889e-02
  -5.90721638879644628251e-03-j9.71465145741682994940e-02
  -5.12021249898202916034e-03-j1.09891781747906661093e-01
  -5.36778197123085557690e-03-j1.23616241602927570686e-01
  -7.63373650132936464735e-03-j1.37435463398850987726e-01
  -1.19719253304300804475e-02-j1.51056008045540729468e-01
  -1.84088053738943775717e-02-j1.64870527077053519172e-01
  -2.69693432867119560481e-02-j1.80409168919027834699e-01
  -3.76860143336973166250e-02-j1.97039463427695293873e-01
  -5.03094838365514621104e-02-j2.14495078828112528679e-01
  -6.45410949794033850235e-02-j2.30464529240724497194e-01
  -8.07157763282679990846e-02-j2.43400956175672589232e-01
  -9.88065432616769406815e-02-j2.54725113490851862164e-01
  -1.20462166211880161715e-01-j2.64748215938095388111e-01
  -1.44535347492537380454e-01-j2.73636155125867586158e-01
  -1.70034399909701788856e-01-j2.81640520412842820797e-01
  -1.96163188645643665753e-01-j2.87984533800656139491e-01
  -2.22100356359988843069e-01-j2.91478431740383681081e-01
  -2.48170154109980251045e-01-j2.91183468516416132932e-01
  -2.74802432445933997318e-01-j2.87221048954537316877e-01
  -3.01823974561838404007e-01-j2.81043463272844795675e-01
  -3.29876554756981077432e-01-j2.73064667974545538520e-01
  -3.57701178231911776084e-01-j2.62900113077473018830e-01
  -3.84163329800658259749e-01-j2.50306871397568797555e-01
  -4.08336713676612061974e-01-j2.35021308214582641538e-01
  -4.30278254695772410798e-01-j2.17482140810299179323e-01
  -4.51044096181149378744e-01-j1.98065468983844528150e-01
  -4.71186360905425205559e-01-j1.76864206826559677843e-01
  -4.90428869845418058393e-01-j1.54532090828873452937e-01
  -5.07950598184644608324e-01-j1.30546979094690401846e-01
  -5.21638034834444264121e-01-j1.04933616142011881811e-01
  -5.32222670991216117997e-01-j7.86234123872910362074e-02
  -5.40270657267098108889e-01-j5.12298496865409222489e-02
  -5.46649409883230186225e-01-j2.35265036688658280006e-02
  -5.52130059006275764055e-01+j4.04350167022882612394e-03
  -5.56398947955842881896e-01+j3.18436150134888823482e-02
  -5.58472317367466275506e-01+j5.94135136008594744172e-02
  -5.58069299464186929782e-01+j8.65065202864467724941e-02
  -5.54976762685402413844e-01+j1.13171956503973783481e-01
  -5.48720723005055366350e-01+j1.39162545221678618512e-01
  -5.40416458024156054485e-01+j1.64176107680890359664e-01
  -5.31372208119641808999e-01+j1.89153665827626937812e-01
  -5.20710718050271137436e-01+j2.13695488491436547118e-01
  -5.09049967625718635666e-01+j2.37411873897077324580e-01
  -4.95434798488455396814e-01+j2.59534643316349955544e-01
  -4.80194723774210019407e-01+j2.79374117049286219139e-01
  -4.63149932329305624723e-01+j2.97306144935851612843e-01
  -4.44382973028172090224e-01+j3.13137515889273576608e-01
  -4.24427218396537575540e-01+j3.27255301751300242685e-01
  -4.03250083815008042443e-01+j3.41081581166794267634e-01
  -3.81213877297592540483e-01+j3.52944370704607990330e-01
  -3.58223293070811132921e-01+j3.62893356290381774443e-01
  -3.34446254027552569710e-01+j3.70266541402587745502e-01
  -3.10678816288139703072e-01+j3.75224379894422976900e-01
  -2.87336491105578573091e-01+j3.78296771066831682973e-01
  -2.64510859522660457532e-01+j3.79127394076130164180e-01
  -2.42565413767014348423e-01+j3.77004606418525511913e-01
</dep>
